Version 0.9.7
11
 4 11 308 77 128 0 1
 5 191 133 206 81 2 2
 0 112 619 877 276 8 3
 0 112 313 877 276 140 4
 0 1016 619 877 276 272 5
 0 1018 313 877 276 404 6
 1 190 224 206 81 536 7
 6 989 109 449 130 546 10
 6 1441 109 449 130 579 11
 0 1014 904 877 276 612 12
 2 749 224 206 81 744 13
 1
291
 255 5 72 348 72 348 72 340 72 340 165 340 165 340 0 1 0 4
 255 5 932 340 932 340 932 339 1071 339 1071 340 1071 340 0 4 0 6
 255 5 72 361 72 363 89 363 89 646 165 646 165 646 0 1 0 3
 255 5 1069 646 1069 646 1069 646 932 646 932 646 932 646 0 5 0 3
 0 5 72 395 72 395 72 329 165 329 165 327 165 327 0 1 0 4
 0 5 165 867 165 867 72 867 72 867 72 421 72 421 0 3 0 1
 0 5 72 408 72 408 72 561 72 561 165 561 165 561 0 1 0 4
 0 5 932 561 932 561 932 561 1071 561 1071 561 1071 561 0 4 0 6
 0 5 1838 561 1838 561 1901 561 1901 327 1838 327 1838 327 0 6 0 6
 255 5 1838 340 1838 340 1910 340 1910 574 1838 574 1838 574 0 6 0 6
 255 5 1836 880 1836 880 1836 931 1836 931 1834 931 1834 931 0 5 0 12
 255 5 919 646 919 646 1005 646 1005 880 932 880 932 880 0 3 0 3
 255 5 919 880 919 880 919 880 1069 880 1069 880 1069 880 0 3 0 5
 255 5 1821 931 1821 931 1902 931 1902 1152 1834 1152 1834 1152 0 12 0 12
 0 5 932 867 932 867 932 867 1069 867 1069 867 1069 867 0 3 0 5
 0 5 919 867 919 867 997 867 997 633 932 633 932 633 0 3 0 3
 0 5 1823 867 1823 867 1823 918 1823 918 1821 918 1821 918 0 5 0 12
 0 5 1834 918 1834 918 1912 918 1912 1165 1834 1165 1834 1165 0 12 0 12
 0 5 1836 867 1836 867 1901 867 1901 633 1836 633 1836 633 0 5 0 5
 10485760 5 364 170 364 170 364 157 516 157 516 379 516 379 0 2 0 4
 10485760 5 326 170 326 170 326 150 503 150 503 379 503 379 0 2 0 4
 10485760 5 288 170 288 170 288 144 490 144 490 379 490 379 0 2 0 4
 10485760 5 250 170 250 170 250 138 477 138 477 379 477 379 0 2 0 4
 255 5 1084 340 1084 340 1005 340 1005 340 1005 136 1005 136 0 6 0 10
 255 5 1457 136 1457 136 1457 340 1457 340 1461 340 1461 340 0 11 0 6
 255 5 178 340 178 340 178 235 178 235 205 235 205 235 0 4 0 7
 0 5 764 293 764 293 724 293 724 293 724 327 724 327 0 13 0 4
 255 5 764 235 764 235 711 235 711 235 711 340 711 340 0 13 0 4
 255 5 72 322 72 322 82 322 82 144 206 144 206 144 0 1 0 2
 0 5 72 382 72 382 72 202 72 202 206 202 206 202 0 1 0 2
 0 5 204 327 204 327 204 293 204 293 205 293 205 293 0 4 0 7
 255 5 204 379 204 379 204 379 204 340 204 340 204 340 0 4 0 4
 255 5 321 379 321 379 321 379 321 379 321 340 321 340 0 4 0 4
 255 5 438 379 438 379 438 379 438 340 438 340 438 340 0 4 0 4
 255 5 568 340 568 340 568 340 568 379 568 379 568 379 0 4 0 4
 255 5 165 685 165 685 164 685 164 646 178 646 178 646 0 3 0 3
 255 5 269 685 269 685 269 685 269 646 269 646 269 646 0 3 0 3
 255 5 373 685 373 685 374 685 374 646 373 646 373 646 0 3 0 3
 255 5 711 685 711 685 711 685 711 646 711 646 711 646 0 3 0 3
 255 5 828 685 828 685 828 685 828 646 828 646 828 646 0 3 0 3
 255 5 1069 685 1069 685 1069 646 1069 646 1082 646 1082 646 0 5 0 5
 255 5 1173 685 1173 685 1173 685 1173 646 1173 646 1173 646 0 5 0 5
 255 5 1277 646 1277 646 1278 646 1278 685 1277 685 1277 685 0 5 0 5
 255 5 1394 685 1394 685 1394 685 1394 646 1394 646 1394 646 0 5 0 5
 255 5 1511 646 1511 646 1511 646 1511 685 1511 685 1511 685 0 5 0 5
 255 5 1641 685 1641 685 1641 685 1641 646 1641 646 1641 646 0 5 0 5
 255 5 1758 646 1758 646 1758 646 1758 685 1758 685 1758 685 0 5 0 5
 255 5 1106 970 1106 970 1106 970 1106 931 1106 931 1106 931 0 12 0 12
 255 5 1223 970 1223 970 1223 970 1223 931 1223 931 1223 931 0 12 0 12
 0 5 1184 1113 1184 1113 1184 1113 1184 1165 1184 1165 1184 1165 0 12 0 12
 0 5 1301 1113 1301 1113 1301 1113 1301 1165 1301 1165 1301 1165 0 12 0 12
 0 5 1836 828 1836 828 1836 867 1836 867 1810 867 1810 867 0 5 0 5
 0 5 1719 828 1719 828 1719 828 1719 867 1719 867 1719 867 0 5 0 5
 0 5 1602 828 1602 828 1602 828 1602 867 1602 867 1602 867 0 5 0 5
 0 5 1485 828 1485 828 1485 828 1485 867 1485 867 1485 867 0 5 0 5
 0 5 919 828 919 828 919 867 919 867 906 867 906 867 0 3 0 3
 0 5 802 828 802 828 802 828 802 867 802 867 802 867 0 3 0 3
 0 5 451 327 451 327 451 327 451 327 451 379 451 379 0 4 0 4
 8388863 5 246 261 246 261 217 261 217 261 217 379 217 379 0 7 0 4
 9502865 5 805 261 805 219 659 219 659 483 607 483 607 483 0 13 0 4
 9502865 5 824 261 824 261 824 211 420 211 420 483 360 483 0 13 0 4
 9502865 5 843 261 843 261 843 201 557 201 557 483 568 483 0 13 0 4
 9502865 5 862 261 862 192 420 192 420 475 321 475 321 483 0 13 0 4
 9502865 5 881 261 881 261 881 183 581 183 581 418 581 418 0 13 0 4
 9502865 5 334 405 420 405 420 174 900 174 900 261 900 261 0 4 0 13
 4194432 5 243 392 243 392 243 392 243 392 347 392 347 392 0 4 0 4
 255 5 1110 522 1110 522 1110 522 1110 574 1110 574 1110 574 0 6 0 6
 255 5 1214 522 1214 522 1214 522 1214 574 1214 574 1214 574 0 6 0 6
 255 5 1318 522 1318 522 1318 522 1318 574 1318 574 1318 574 0 6 0 6
 255 5 1422 522 1422 522 1423 522 1423 574 1422 574 1422 574 0 6 0 6
 255 5 1097 522 1097 522 1097 522 1097 574 1097 574 1097 574 0 6 0 6
 255 5 1201 522 1201 522 1201 522 1201 574 1201 574 1201 574 0 6 0 6
 255 5 1305 522 1305 522 1305 522 1305 574 1305 574 1305 574 0 6 0 6
 255 5 1409 522 1409 522 1409 522 1409 574 1409 574 1409 574 0 6 0 6
 255 5 1175 379 1175 379 1175 379 1175 340 1175 340 1175 340 0 6 0 6
 255 5 1279 379 1279 379 1279 379 1279 340 1279 340 1279 340 0 6 0 6
 255 5 1383 379 1383 379 1383 379 1383 340 1383 340 1383 340 0 6 0 6
 255 5 1357 522 1357 522 1357 522 1357 574 1357 574 1357 574 0 6 0 6
 255 5 1253 522 1253 522 1253 522 1253 574 1253 574 1253 574 0 6 0 6
 255 5 1149 522 1149 522 1149 522 1149 574 1149 574 1149 574 0 6 0 6
 255 5 1123 379 1123 379 1123 379 1123 340 1123 340 1123 340 0 6 0 6
 255 5 1227 379 1227 379 1227 379 1227 340 1227 340 1227 340 0 6 0 6
 255 5 1331 379 1331 379 1331 379 1331 340 1331 340 1331 340 0 6 0 6
 0 5 1578 522 1578 522 1578 522 1578 561 1578 561 1578 561 0 6 0 6
 0 5 1708 522 1708 522 1708 522 1708 561 1708 561 1708 561 0 6 0 6
 0 5 1838 522 1838 522 1838 561 1838 561 1812 561 1812 561 0 6 0 6
 255 5 1500 379 1500 379 1500 379 1500 340 1500 340 1500 340 0 6 0 6
 255 5 1617 379 1617 379 1617 379 1617 340 1617 340 1617 340 0 6 0 6
 255 5 1747 379 1747 379 1747 379 1747 340 1747 340 1747 340 0 6 0 6
 0 5 1682 522 1682 522 1682 522 1682 561 1682 561 1682 561 0 6 0 6
 10158235 5 1786 405 1786 405 1786 232 1786 232 1790 232 1790 232 0 6 0 11
 10158235 5 1799 405 1799 405 1799 232 1799 232 1803 232 1803 232 0 6 0 11
 10158235 5 1812 405 1812 405 1812 405 1812 232 1816 232 1816 232 0 6 0 11
 10158235 5 1825 405 1825 405 1825 232 1825 232 1829 232 1829 232 0 6 0 11
 10158235 5 1838 405 1838 405 1838 232 1838 232 1842 232 1842 232 0 6 0 11
 10158235 5 1760 405 1760 405 1760 305 1855 305 1855 232 1855 232 0 6 0 11
 10158235 5 1773 405 1773 405 1772 405 1772 305 1868 305 1868 232 0 6 0 11
 0 5 282 522 282 522 282 522 282 561 282 561 282 561 0 4 0 4
 0 5 399 522 399 522 399 522 399 561 399 561 399 561 0 4 0 4
 0 5 646 522 646 522 646 522 646 561 646 561 646 561 0 4 0 4
 0 5 945 522 945 522 945 561 945 561 919 561 919 561 0 4 0 4
 255 5 867 379 867 379 868 379 868 340 867 340 867 340 0 4 0 4
 0 5 529 522 529 522 529 522 529 561 529 561 529 561 0 4 0 4
 0 5 1110 327 1110 327 1110 327 1110 379 1110 379 1110 379 0 6 0 6
 0 5 1214 327 1214 327 1214 327 1214 379 1214 379 1214 379 0 6 0 6
 0 5 1318 379 1318 379 1318 379 1318 327 1318 327 1318 327 0 6 0 6
 0 5 1422 379 1422 379 1422 379 1422 327 1422 327 1422 327 0 6 0 6
 33023 5 1097 392 1097 387 1852 387 1852 483 1825 483 1825 483 0 6 0 6
 33023 5 1747 483 1731 483 1731 386 1136 386 1136 392 1136 392 0 6 0 6
 33023 5 1201 392 1201 392 1201 387 1731 387 1731 483 1760 483 0 6 0 6
 33023 5 1812 483 1853 483 1853 386 1240 386 1240 392 1240 392 0 6 0 6
 8388863 5 464 379 464 379 464 254 360 254 360 261 360 261 0 4 0 7
 8388863 5 451 483 451 483 428 483 428 255 379 255 379 261 0 4 0 7
 255 5 763 379 763 379 763 379 763 340 763 340 763 340 0 4 0 4
 0 5 841 522 841 522 841 522 841 561 841 561 841 561 0 4 0 4
 255 5 1097 340 1097 340 1071 340 1071 340 1071 379 1071 379 0 6 0 6
 33023 5 1305 392 1305 387 1720 387 1720 483 1695 483 1695 483 0 6 0 6
 33023 5 1344 392 1344 392 1344 387 1603 387 1603 483 1617 483 0 6 0 6
 33023 5 1409 392 1409 392 1409 388 1603 388 1603 483 1630 483 0 6 0 6
 9633939 5 1656 405 1656 405 1656 306 1686 306 1686 232 1686 232 0 6 0 11
 9633939 5 1669 405 1669 405 1669 306 1699 306 1699 232 1699 232 0 6 0 11
 9633939 5 1682 405 1682 405 1682 304 1712 304 1712 232 1712 232 0 6 0 11
 9633939 5 1695 405 1695 405 1695 304 1726 304 1726 232 1725 232 0 6 0 11
 9633939 5 1708 405 1708 405 1708 303 1738 303 1738 232 1738 232 0 6 0 11
 9633939 5 1630 405 1630 405 1630 304 1751 304 1751 232 1751 232 0 6 0 11
 9633939 5 1643 405 1643 405 1643 306 1764 306 1764 232 1764 232 0 6 0 11
 255 5 477 685 477 685 477 685 477 646 477 646 477 646 0 3 0 3
 255 5 243 828 243 828 243 828 243 880 243 880 243 880 0 3 0 3
 255 5 204 828 204 828 204 828 204 880 204 880 204 880 0 3 0 3
 255 5 191 828 191 828 191 828 191 880 191 880 191 880 0 3 0 3
 255 5 347 828 347 828 347 828 347 880 347 880 347 880 0 3 0 3
 255 5 308 828 308 828 308 828 308 880 308 880 308 880 0 3 0 3
 255 5 295 828 295 828 295 828 295 880 295 880 295 880 0 3 0 3
 255 5 451 828 451 828 451 828 451 880 451 880 451 880 0 3 0 3
 255 5 412 828 412 828 412 828 412 880 412 880 412 880 0 3 0 3
 255 5 399 828 399 828 399 828 399 880 399 880 399 880 0 3 0 3
 255 5 516 828 516 828 516 828 516 880 516 880 516 880 0 3 0 3
 255 5 503 828 503 828 503 828 503 880 503 880 503 880 0 3 0 3
 255 5 217 685 217 685 217 685 217 646 217 646 217 646 0 3 0 3
 255 5 321 685 321 685 321 685 321 646 321 646 321 646 0 3 0 3
 255 5 425 685 425 685 425 685 425 646 425 646 425 646 0 3 0 3
 0 5 204 685 204 685 204 685 204 633 204 633 204 633 0 3 0 3
 0 5 308 685 308 685 308 685 308 633 308 633 308 633 0 3 0 3
 0 5 412 685 412 685 412 685 412 633 412 633 412 633 0 3 0 3
 0 5 516 685 516 685 516 685 516 633 516 633 516 633 0 3 0 3
 33023 5 191 698 191 692 934 692 934 789 906 789 906 789 0 3 0 3
 33023 5 230 698 230 698 230 692 814 692 814 789 828 789 0 3 0 3
 33023 5 295 698 295 692 814 692 814 789 841 789 841 789 0 3 0 3
 33023 5 334 698 334 693 934 693 934 789 893 789 893 789 0 3 0 3
 12648641 5 867 711 867 711 867 610 1924 610 1924 232 1582 232 0 3 0 11
 12648641 5 880 711 880 711 880 609 1927 609 1927 232 1595 232 0 3 0 11
 12648641 5 893 711 893 609 1925 609 1925 232 1608 232 1608 232 0 3 0 11
 12648641 5 906 711 906 608 1927 608 1927 233 1621 233 1621 232 0 3 0 11
 12648641 5 919 711 919 711 919 607 1927 607 1927 232 1634 232 0 3 0 11
 12648641 5 841 711 841 608 1924 608 1924 232 1647 232 1647 232 0 3 0 11
 12648641 5 854 711 854 608 1925 608 1925 232 1660 232 1660 232 0 3 0 11
 0 5 776 828 776 828 776 828 776 867 776 867 776 867 0 3 0 3
 33023 5 399 698 399 698 399 692 813 692 813 789 789 789 0 3 0 3
 12648641 5 750 711 750 608 1925 608 1925 232 1478 232 1478 232 0 3 0 11
 12648641 5 763 711 763 608 1927 608 1927 232 1491 232 1491 232 0 3 0 11
 12648641 5 776 711 776 608 1926 608 1926 232 1504 232 1504 232 0 3 0 11
 12648641 5 789 711 789 608 1928 608 1928 232 1517 232 1517 232 0 3 0 11
 12648641 5 802 711 802 608 1927 608 1927 232 1530 232 1530 232 0 3 0 11
 12648641 5 724 711 724 608 1924 608 1924 232 1543 232 1543 232 0 3 0 11
 12648641 5 737 711 737 608 1924 608 1924 232 1556 232 1556 232 0 3 0 11
 33023 5 438 698 438 693 697 693 697 789 711 789 711 789 0 3 0 3
 33023 5 503 698 503 692 698 692 698 789 724 789 724 789 0 3 0 3
 255 5 1095 828 1095 828 1095 828 1095 880 1095 880 1095 880 0 5 0 5
 255 5 1108 828 1108 828 1108 828 1108 880 1108 880 1108 880 0 5 0 5
 255 5 1147 880 1147 880 1147 880 1147 828 1147 828 1147 828 0 5 0 5
 255 5 1251 828 1251 828 1248 828 1248 880 1251 880 1251 880 0 5 0 5
 255 5 1212 828 1212 828 1212 828 1212 880 1212 880 1212 880 0 5 0 5
 255 5 1199 828 1199 828 1199 828 1199 880 1199 880 1199 880 0 5 0 5
 255 5 1121 685 1121 685 1121 685 1121 646 1121 646 1121 646 0 5 0 5
 255 5 1225 685 1225 685 1225 685 1225 646 1225 646 1225 646 0 5 0 5
 255 5 1329 685 1329 685 1329 685 1329 646 1329 646 1329 646 0 5 0 5
 255 5 1316 828 1316 828 1316 828 1316 880 1316 880 1316 880 0 5 0 5
 255 5 1303 828 1303 828 1303 828 1303 880 1303 880 1303 880 0 5 0 5
 255 5 1355 828 1355 828 1355 828 1355 880 1355 880 1355 880 0 5 0 5
 0 5 1108 633 1108 633 1108 633 1108 685 1108 685 1108 685 0 5 0 5
 0 5 1212 633 1212 633 1212 633 1212 685 1212 685 1212 685 0 5 0 5
 0 5 1316 633 1316 633 1316 633 1316 685 1316 685 1316 685 0 5 0 5
 33023 5 1589 789 1589 789 1616 789 1616 693 1095 693 1095 698 0 5 0 5
 33023 5 1511 789 1498 789 1498 694 1134 694 1134 698 1134 698 0 5 0 5
 33023 5 1524 789 1500 789 1500 693 1199 693 1199 698 1199 698 0 5 0 5
 33023 5 1576 789 1615 789 1615 693 1238 693 1238 698 1238 698 0 5 0 5
 33023 5 1472 789 1496 789 1496 693 1303 693 1303 698 1303 698 0 5 0 5
 0 5 1459 828 1459 828 1459 828 1459 867 1459 867 1459 867 0 5 0 5
 0 5 1407 828 1407 828 1407 828 1407 867 1407 867 1407 867 0 5 0 5
 0 5 1769 1113 1769 1113 1769 1113 1769 1165 1769 1165 1769 1165 0 12 0 12
 255 5 1691 970 1691 970 1691 970 1691 931 1691 931 1691 931 0 12 0 12
 11403438 5 1537 711 1537 609 1927 609 1927 232 1416 232 1416 232 0 5 0 10
 11403438 5 1524 711 1524 609 1926 609 1926 232 1403 232 1403 232 0 5 0 10
 11403438 5 1602 711 1602 609 1925 609 1925 232 1390 232 1390 232 0 5 0 10
 11403438 5 1589 711 1589 609 1926 609 1926 232 1377 232 1377 232 0 5 0 10
 11403438 5 1576 711 1576 609 1926 609 1926 232 1364 232 1364 232 0 5 0 10
 11403438 5 1563 711 1563 609 1926 609 1926 232 1351 232 1351 232 0 5 0 10
 11403438 5 1550 711 1550 609 1927 609 1927 232 1338 232 1338 232 0 5 0 10
 11403438 5 1420 711 1420 608 1927 608 1927 232 1312 232 1312 232 0 5 0 10
 11403438 5 1407 711 1407 609 1925 609 1925 232 1299 232 1299 232 0 5 0 10
 11403438 5 1485 711 1485 610 1925 610 1925 232 1286 232 1286 232 0 5 0 10
 11403438 5 1472 711 1472 609 1927 609 1927 232 1273 232 1273 232 0 5 0 10
 11403438 5 1459 711 1459 608 1926 608 1926 232 1260 232 1260 232 0 5 0 10
 11403438 5 1446 711 1446 608 1927 608 1927 232 1247 232 1247 232 0 5 0 10
 11403438 5 1433 711 1433 609 1927 609 1927 232 1234 232 1234 232 0 5 0 10
 8388863 5 529 379 529 379 529 370 230 370 230 379 230 379 0 4 0 4
 4194432 5 360 392 360 392 360 392 373 392 373 392 373 392 0 4 0 4
 32768 5 1097 418 1097 426 1163 426 1163 483 1123 483 1123 483 0 6 0 6
 32768 5 1136 418 1136 425 1164 425 1164 483 1175 483 1175 483 0 6 0 6
 32768 5 1201 418 1201 428 1264 428 1264 483 1227 483 1227 483 0 6 0 6
 55040 5 1305 418 1305 424 1367 424 1367 483 1331 483 1331 483 0 6 0 6
 55040 5 1344 418 1344 425 1368 425 1368 483 1383 483 1383 483 0 6 0 6
 16744448 5 1136 405 1136 405 1136 399 919 399 919 405 919 405 0 6 0 4
 16744448 5 1240 405 1240 405 1240 399 932 399 932 405 932 405 0 6 0 4
 16744448 5 945 405 945 405 945 398 1513 398 1513 405 1513 405 0 4 0 6
 16711680 5 1344 405 1344 405 1344 412 880 412 880 405 880 405 0 6 0 4
 16711680 5 1409 405 1409 405 1409 412 893 412 893 405 893 405 0 6 0 4
 16711680 5 906 405 906 405 906 398 828 398 828 405 828 405 0 4 0 4
 8388736 5 841 418 841 419 1270 419 1270 477 1292 477 1292 483 0 4 0 6
 8388736 5 1292 496 1292 496 1292 496 1344 496 1344 496 1344 496 0 6 0 6
 8388736 5 1344 509 1344 509 1344 509 1396 509 1396 509 1396 509 0 6 0 6
 13311435 5 1084 496 1084 496 1084 496 1136 496 1136 496 1136 496 0 6 0 6
 13311435 5 1136 509 1136 509 1136 509 1188 509 1188 509 1188 509 0 6 0 6
 13311435 5 1188 496 1188 496 1188 496 1240 496 1240 496 1240 496 0 6 0 6
 4194432 5 945 392 945 392 945 385 594 385 594 392 594 392 0 4 0 4
 4194432 5 607 418 702 418 702 515 1279 515 1279 509 1279 509 0 4 0 6
 4194432 5 828 392 828 386 741 386 741 515 334 515 334 483 0 4 0 4
 4194432 5 399 392 399 385 1005 385 1005 496 1071 496 1071 496 0 4 0 6
 32768 5 191 724 191 729 253 729 253 789 217 789 217 789 0 3 0 3
 32768 5 230 724 230 729 254 729 254 789 269 789 269 789 0 3 0 3
 32768 5 295 724 295 731 358 731 358 789 321 789 321 789 0 3 0 3
 55040 5 399 724 399 731 463 731 463 789 425 789 425 789 0 3 0 3
 55040 5 477 789 464 789 464 730 438 730 438 724 438 724 0 3 0 3
 16744448 5 867 522 867 549 229 549 229 685 230 685 230 685 0 4 0 3
 16744448 5 334 685 334 685 334 550 880 550 880 522 880 522 0 3 0 4
 16744448 5 893 483 893 483 893 487 763 487 763 483 763 483 0 4 0 4
 13311435 5 776 496 776 496 145 496 145 796 178 796 178 789 0 4 0 3
 13311435 5 178 802 178 802 178 802 230 802 230 802 230 802 0 3 0 3
 13311435 5 230 815 230 815 230 815 282 815 282 815 282 815 0 3 0 3
 13311435 5 282 802 282 802 282 802 334 802 334 802 334 802 0 3 0 3
 4194432 5 763 509 763 509 763 516 581 516 581 509 581 509 0 4 0 4
 4194432 5 594 522 594 514 364 514 364 789 373 789 373 789 0 4 0 3
 10485760 5 503 711 503 711 503 588 906 588 906 522 906 522 0 3 0 4
 10485760 5 919 522 919 522 919 588 438 588 438 711 438 711 0 4 0 3
 10485760 5 932 496 932 496 932 502 789 502 789 496 789 496 0 4 0 4
 8388736 5 386 789 386 796 362 796 362 532 802 532 802 522 0 3 0 4
 8388736 5 386 802 386 802 386 802 438 802 438 802 438 802 0 3 0 3
 8388736 5 438 815 438 815 438 815 490 815 490 815 490 815 0 3 0 3
 4194432 5 165 789 153 789 153 514 347 514 347 509 347 509 0 3 0 4
 4194432 5 789 509 789 509 789 516 373 516 373 509 373 509 0 4 0 4
 4194432 5 386 509 386 515 1017 515 1017 789 1069 789 1069 789 0 4 0 5
 33023 5 1342 698 1342 693 1382 693 1382 789 1394 789 1394 789 0 5 0 5
 32768 5 1095 724 1095 731 1159 731 1159 789 1121 789 1121 789 0 5 0 5
 32768 5 1134 724 1134 730 1159 730 1159 789 1173 789 1173 789 0 5 0 5
 32768 5 1199 724 1199 732 1262 732 1262 789 1225 789 1225 789 0 5 0 5
 55040 5 1303 724 1303 729 1368 729 1368 789 1329 789 1329 789 0 5 0 5
 12615935 5 1134 711 1134 704 1042 704 1042 900 1236 900 1236 970 0 5 0 12
 12615935 5 1249 970 1249 899 1042 899 1042 704 1238 704 1238 711 0 12 0 5
 12615935 5 1262 983 1262 983 1262 983 1275 983 1275 983 1275 983 0 12 0 12
 16711680 5 1082 711 1055 711 1055 909 1145 909 1145 970 1145 970 0 5 0 12
 16711680 5 1147 711 1147 711 1055 711 1055 909 1158 909 1158 970 0 5 0 12
 16711680 5 1171 970 1171 910 1057 910 1057 711 1199 711 1199 711 0 12 0 5
 16711680 5 1184 970 1184 970 1184 977 1119 977 1119 970 1119 970 0 12 0 12
 13311435 5 1342 724 1375 724 1375 1082 1106 1082 1106 1074 1106 1074 0 5 0 12
 13311435 5 1290 711 1290 706 1375 706 1375 1081 1119 1081 1119 1074 0 5 0 12
 13311435 5 1784 724 1784 723 1850 723 1850 1009 1132 1009 1132 1009 0 5 0 12
 12615935 5 1771 724 1744 724 1744 899 1262 899 1262 970 1262 970 0 5 0 12
 13311435 5 1784 711 1784 711 1784 705 1654 705 1654 711 1654 711 0 5 0 5
 13311435 5 1784 698 1784 698 1784 698 1810 698 1810 698 1810 698 0 5 0 5
 8421376 5 1303 685 1303 675 1032 675 1032 1066 1262 1066 1262 1074 0 5 0 12
 8421376 5 1342 685 1342 674 1032 674 1032 1066 1275 1066 1275 1074 0 5 0 12
 8421376 5 1288 1074 1288 1066 1862 1066 1862 711 1823 711 1823 711 0 12 0 5
 16744448 5 1836 685 1836 685 1836 677 1680 677 1680 685 1680 685 0 5 0 5
 16744448 5 1290 815 1290 815 1290 815 1342 815 1342 815 1342 815 0 5 0 5
 13311435 5 1667 724 1667 724 1732 724 1732 983 1288 983 1288 983 0 5 0 12
 4194432 5 1301 970 1301 970 1301 925 620 925 620 509 620 509 0 12 0 4
 4194432 5 633 509 633 509 633 820 1277 820 1277 815 1277 815 0 4 0 5
 4194432 5 1706 685 1706 685 1706 691 1797 691 1797 685 1797 685 0 5 0 5
 16744576 5 1719 698 1719 659 1631 659 1631 795 1082 795 1082 789 0 5 0 5
 16744576 5 1082 802 1082 802 1082 802 1134 802 1134 802 1134 802 0 5 0 5
 16744576 5 1134 815 1134 815 1134 815 1186 815 1186 815 1186 815 0 5 0 5
 16744576 5 1186 802 1186 802 1186 802 1238 802 1238 802 1238 802 0 5 0 5
 14663765 5 1797 711 1797 716 1738 716 1738 789 1758 789 1758 789 0 5 0 5
 14663765 5 1784 789 1784 801 1948 801 1948 357 1565 357 1565 405 0 5 0 6
 14663765 5 1539 405 1539 405 1539 405 1552 405 1552 405 1552 405 0 6 0 6
 16744448 5 1693 711 1622 711 1622 808 1290 808 1290 802 1290 802 0 5 0 5
 14663765 5 1836 698 1836 698 1884 698 1884 800 1771 800 1771 789 0 5 0 5
 14663765 5 1771 815 1771 845 133 845 133 384 386 384 386 392 0 5 0 4
 14663765 5 1680 698 1680 648 1949 648 1949 357 1526 357 1526 405 0 5 0 6
 13311435 5 1578 405 1578 405 1578 370 802 370 802 405 802 405 0 6 0 4
 13311435 5 1084 483 1050 483 1050 426 815 426 815 418 815 418 0 6 0 4
28
 7008 1 14 198 431 5 0 0 0 4
 7032 1 14 315 431 5 0 0 0 4
 7032 1 14 562 431 5 0 0 0 4
 7073 1 14 1065 431 5 0 0 0 6
 7073 1 14 1169 431 5 0 0 0 6
 7073 1 14 1273 431 5 0 0 0 6
 7073 1 14 1377 431 5 0 0 0 6
 7047 1 16 1741 431 5 0 0 0 6
 7047 1 16 1611 431 5 0 0 0 6
 7073 1 14 159 737 5 0 0 0 3
 7073 1 14 367 737 5 0 0 0 3
 7073 1 14 263 737 5 0 0 0 3
 7073 1 14 471 737 5 0 0 0 3
 7047 1 16 705 737 5 0 0 0 3
 7047 1 16 822 737 5 0 0 0 3
 7073 1 14 1063 737 5 0 0 0 5
 7073 1 14 1167 737 5 0 0 0 5
 7073 1 14 1271 737 5 0 0 0 5
 7047 1 16 1388 737 5 0 0 0 5
 7047 1 16 1505 737 5 0 0 0 5
 7153 1 16 432 431 5 0 0 0 4
 7032 1 14 1752 737 5 0 0 0 5
 7004 1 14 1635 737 5 0 0 0 5
 7032 1 14 1494 431 5 0 0 0 6
 7004 1 14 757 431 5 0 0 0 4
 7011 1 14 1100 1022 5 0 0 0 12
 7008 1 14 1217 1022 5 0 0 0 12
 7008 1 14 861 431 5 0 0 0 4
